4194984
6295216
6295232
35856416
35856432
139990058290248
139990058290264
139990058290272
139990058290280
139990058290288
139990058290296
139990058290304
139990058290312
139990058290320
139990058290328
139990058290336
139990058290344
139990058290352
139990058290360
139990058290368
139990058290376
139990058290384
139990058290392
139990058290400
139990058290408
139990058290416
139990058290424
139990058290428
139990058290432
139990058290440
139990058290448
139990058290456
139990058290460
139990058290464
139990058290472
139990058290480
139990058290488
139990058290496
139990058290504
139990058290512
139990058290520
139990058290528
139990058290536
139990058290544
139990058290552
139990058290560
139990058290584
139990058290592
139990058290600
139990058290608
139990058290616
139990058290624
139990058290632
139990058290640
139990058290648
139990058290672
139990058290680
139990058290744
139990058290752
139990058290760
139990058290768
139990058290776
139990058290784
139990058290792
139990058290800
139990058290808
139990058290816
139990058290824
139990058290832
139990058290840
139990058290848
139990058290856
139990058290864
139990058290872
139990058290880
139990058290888
139990058290896
139990058290904
139990058290912
139990058290920
139990058290928
139990058290936
139990058290944
139990058290952
139990058290960
139990058290968
139990058290984
139990058291120
139990058291128
139990058292816
139990058292824
139990058292912
139990058292928
139990058292944
139990058292976
139990058293000
139990058293016
139990058293020
139990058293040
139990058293068
139990058293768
139990058294544
139990058294545
139990058294547
139990058294548
139990058294556
139990058294568
139990058294592
139990058294600
139990058294672
139990058294680
139990058294728
139990061998368
139990061998376
139990061998384
139990061998392
139990061998400
139990061998408
139990061998584
139990061998592
139990061998600
139990061999088
139990061999096
139990061999136
139990061999144
139990061999152
139990061999232
139990061999240
139990062109432
139990062109720
139990062109944
139990062109984
139990062110224
139990062110296
139990062110936
139990062112108
139990062113284
139990062114408
139990062114456
139990062115004
139990062115456
139990062116812
139990062116816
139990062116820
139990062116824
139990062119356
139990062119360
139990062121816
139990062121820
139990062121976
139990062123268
139990062123272
139990062123276
139990062123280
139990062124272
139990062124276
139990062124448
139990062124453
139990062132656
139990062132660
139990062132662
139990062132664
139990062147872
139990062147876
139990062147878
139990062147880
139990062162632
139990062162636
139990062162638
139990062162640
139990062163568
139990062163572
139990062163574
139990062163576
139990062171392
139990062171396
139990062171398
139990062171400
139990062177368
139990062177372
139990062177373
139990062177374
139990062177376
139990062180186
139990062180187
139990062180188
139990062180189
139990062180190
139990062180191
139990062180192
139990062180193
139990062180194
139990062180195
139990062180196
139990062180197
139990062180198
139990062180199
139990062180200
139990062180201
139990062180202
139990062181856
139990062181857
139990062181858
139990062181859
139990062181860
139990062181861
139990062181862
139990062181863
139990062181864
139990062181865
139990062181866
139990062181867
139990062181868
139990062183126
139990062183127
139990062183128
139990062183129
139990062183130
139990062194252
139990062194253
139990062194254
139990062194255
139990062194256
139990062194257
139990062194258
139990062194259
139990062194260
139990062194261
139990062194262
139990062194263
139990062194264
139990062194265
139990062194266
139990062194267
139990062194268
139990062194269
139990062194270
139990062194271
139990062194272
139990062194273
139990062194929
139990062194930
139990062194931
139990062194932
139990062194933
139990062194934
139990062194935
139990062194936
139990062194937
139990062194938
139990062194939
139990062194940
139990062194941
139990062194942
139990062194943
139990062196475
139990062196476
139990062196477
139990062196478
139990062196479
139990062196480
139990062196481
139990062196482
139990062199515
139990062199516
139990062199517
139990062199518
139990062199519
139990062199520
139990062199521
139990062199522
139990062199523
139990062199524
139990062200124
139990062200125
139990062200155
139990062200156
139990062200157
139990062200158
139990062200159
139990062200160
139990062200161
139990062200162
139990062200163
139990062200164
139990062200165
139990062200166
139990062200179
139990062200180
139990062200181
139990062200182
139990062200183
139990062200184
139990062200185
139990062200186
139990062200187
139990062200188
139990062200384
139990062200385
139990062200386
139990062200387
139990062200388
139990062200389
139990062200390
139990062200391
139990062200392
139990062200393
139990062200394
139990062200395
139990062200396
139990062200397
139990062200408
139990062201092
139990062202360
139990062203590
139990062203668
139990062204320
139990062204818
139990062236384
139990062236392
139990062236480
139990062236488
139990066018392
139990066018400
139990066018408
139990066018416
139990066023808
139990066023816
139990066023832
139990066031640
139990066031656
139990066031752
139990066031896
139990066032000
139990066032016
139990066032024
139990066032064
139990066032128
139990066032224
139990066032344
139990066032360
139990066032416
139990066032512
139990066032624
139990066032648
139990066032656
139990066032696
139990066032736
139990066036832
139990066043408
139990066320032
139990066320064
139990066320088
139990066320096
139990066320104
139990066320160
139990066323936
139990066323941
139990066324008
139990066324013
139990066324176
139990066324181
139990066324512
139990066324517
139990066324728
139990066324733
139990066331658
139990066331659
139990066331660
139990066331661
139990066331662
139990066331663
139990066331664
139990066331665
139990066331666
139990066331667
139990066331668
139990066331669
139990066331670
139990066331671
139990066331672
139990066331673
139990066331674
139990066331675
139990066331676
139990066331677
139990066331678
139990066331679
139990066331680
139990066331681
139990066331682
139990066331683
139990066331684
139990066331685
139990066331686
139990066331687
139990066331688
139990066331689
139990066331690
139990066331691
139990066331692
139990066331693
139990066331694
139990066331695
139990066331696
139990066331697
139990066331698
139990066331699
139990066331700
139990066331701
139990066331702
139990066331703
139990066331704
139990066331705
139990066331706
139990066331707
139990066331708
139990066331709
139990066331710
139990066331711
139990066331712
139990066331713
139990066331714
139990066331715
139990066331716
139990066331717
139990066331732
139990066331733
139990066331734
139990066331735
139990066331736
139990066331737
139990066331738
139990066331739
139990066331740
139990066331741
139990066336205
139990066336206
139990066336207
139990066336208
139990066336252
139990066336253
139990066336254
139990066336255
139990066336256
139990066336257
139990066336258
139990066336259
139990066336260
139990066336261
139990066336262
139990066336263
139990066336355
139990066336356
139990066336357
139990066336358
139990066336359
139990066336360
139990066336361
139990066336362
139990066336363
139990066336364
139990066336365
139990066336366
139990066336367
139990066336368
139990066336450
139990066336456
139990066336470
139990066336498
139990066336516
139990066339968
139990066339976
139990066340040
139990066340048
139990066340184
139990066340192
139990066340472
139990066340480
139990066340688
139990066340696
139990068518408
139990068518424
139990068518520
139990068518680
139990068518816
139990068518920
139990068518928
139990068519128
139990068519152
139990068519200
139990068519256
139990068519296
139990068519368
139990068519552
139990069474464
139990069474504
139990069474512
139990069474544
139990069474560
139990069474608
139990069474616
139990069474752
139990069474960
139990069475240
139990069475252
139990069475256
139990069475260
139990069475264
139990069475293
139990069475360
139990069475400
139990069475648
139990069475656
139990069475672
139990069475673
139990069475674
139990069475675
139990069475728
139990069475760
139990069475768
139990069475800
139990069475816
139990069475864
139990069475872
139990069476008
139990069476216
139990069476496
139990069476508
139990069476512
139990069476516
139990069476520
139990069476528
139990069476536
139990069476548
139990069476549
139990069476576
139990069476616
139990069476656
139990069476732
139990069476904
139990069476912
139990069476928
139990069476929
139990069477112
139990069477120
139990069477128
139990069477136
139990392050392
139990392050456
139990392050540
139990392050544
139990392051080
139990392051084
139990392051086
139990392051088
139990392051392
139990392051393
139990392051394
139990392051395
139990392051396
139990392051397
139990392051398
139990392051399
139990392051400
139990392051401
139990392051402
139990392051403
139990392051404
139990392051405
139990392051406
139990392051618
139990392051619
139990392051620
139990392051621
139990392051622
139990392051623
139990392051624
139990392051625
139990392051626
139990392051627
139990392051694
139990394289344
139990394289368
139990394289416
139990394289832
139990394289848
139990394292696
139990394292728
139990394292768
139990394292832
139990394292840
139990394293464
139990394293476
139990394293480
139990394293484
139990394293488
139990394293496
139990394293504
139990394293516
139990394293517
139990394293544
139990394293700
139990394294208
139990394294736
139990394294768
139990394294784
139990394294832
139990394294840
139990394295424
139990394295432
139990394295476
139990394295480
139990394295484
139990394295488
139990394295517
139990394296128
139990394296136
139990394296152
